Al3+ O2-
#Coordinates for atom1
0.00000 0.00000 0.35230
0.66669 0.33331 0.68563
0.33331 0.66669 0.01897
0.00000 0.00000 0.14770
0.66669 0.33331 0.48103
0.33331 0.66669 0.81437
0.00000 0.00000 0.64770
0.66669 0.33331 0.98103
0.33331 0.66669 0.31437
0.00000 0.00000 0.85230
0.66669 0.33331 0.18563
0.33331 0.66669 0.51897
#Coordinates for atom2
0.30652 0.00000 0.25000
0.97314 0.33331 0.58333
0.63983 0.66669 0.91667
0.00000 0.30652 0.25000
0.66669 0.63983 0.58333
0.33331 0.97314 0.91667
0.69348 0.69348 0.25000
0.36017 0.02686 0.58333
0.02686 0.36017 0.91667
0.69348 0.00000 0.75000
0.36017 0.33331 0.08333
0.02686 0.66669 0.41667
0.00000 0.69348 0.75000
0.66669 0.02686 0.08333
0.33331 0.36017 0.41667
0.30652 0.30652 0.75000
0.97314 0.63983 0.08333
0.63983 0.97314 0.41667 