Ca2+ Mo6+ O2-
#Coordinates for atom1
0.000000   0.250000   0.625000
0.000000   0.750000   0.375000
0.500000   0.750000   0.125000
0.500000   0.250000   0.875000
#Coordinates for atom2
0.000000   0.250000   0.125000
0.000000   0.750000   0.875000
0.500000   0.750000   0.625000
0.500000   0.250000   0.375000
#Coordinates for atom2
0.149000   0.006900   0.208900
0.851000   0.993100   0.791100
0.351000   0.993100   0.708900
0.649000   0.006900   0.291100
0.743100   0.399000   0.458900
0.256900   0.601000   0.541100
0.756900   0.601000   0.958900
0.243100   0.399000   0.041100
0.649000   0.506900   0.708900
0.351000   0.493100   0.291100
0.851000   0.493100   0.208900
0.149000   0.506900   0.791100
0.243100   0.899000   0.958900
0.756900   0.101000   0.041100
0.256900   0.101000   0.458900
0.743100   0.899000   0.541100
