Mg2+ Al3+ O2-
#Coordinates for atom1
0.12500 0.12500 0.12500
0.12500 0.62500 0.62500
0.62500 0.62500 0.12500
0.62500 0.12500 0.62500
0.87500 0.87500 0.87500
0.87500 0.37500 0.37500
0.37500 0.37500 0.87500
0.37500 0.87500 0.37500
#Coordinates for atom2
0.50000 0.50000 0.50000
0.50000 0.00000 0.00000
0.00000 0.00000 0.50000
0.00000 0.50000 0.00000
0.50000 0.75000 0.75000
0.50000 0.25000 0.25000
0.00000 0.25000 0.75000
0.00000 0.75000 0.25000
0.75000 0.50000 0.75000
0.75000 0.00000 0.25000
0.25000 0.00000 0.75000
0.25000 0.50000 0.25000
0.75000 0.75000 0.50000
0.75000 0.25000 0.00000
0.25000 0.25000 0.50000
0.25000 0.75000 0.00000
#Coordinates for atom3
0.26230 0.26230 0.26230
0.26230 0.76230 0.76230
0.76230 0.76230 0.26230
0.76230 0.26230 0.76230
0.26230 0.98770 0.98770
0.26230 0.48770 0.48770
0.76230 0.48770 0.98770
0.76230 0.98770 0.48770
0.73770 0.73770 0.73770
0.73770 0.23770 0.23770
0.23770 0.23770 0.73770
0.23770 0.73770 0.23770
0.73770 0.01230 0.01230
0.73770 0.51230 0.51230
0.23770 0.51230 0.01230
0.23770 0.01230 0.51230
0.98770 0.26230 0.98770
0.98770 0.76230 0.48770
0.48770 0.76230 0.98770
0.48770 0.26230 0.48770
0.98770 0.98770 0.26230
0.98770 0.48770 0.76230
0.48770 0.48770 0.26230
0.48770 0.98770 0.76230
0.01230 0.73770 0.01230
0.01230 0.23770 0.51230
0.51230 0.23770 0.01230
0.51230 0.73770 0.51230
0.01230 0.01230 0.73770
0.01230 0.51230 0.23770
0.51230 0.51230 0.73770
0.51230 0.01230 0.23770 