88.49770000 8.04950495
88.50770000 13.00000000
88.51770000 8.03960396
88.52770000 12.00000000
88.53770000 10.97029703
88.54770000 8.00000000
88.55770000 9.00990099
88.56770000 10.00000000
88.57770000 12.96039604
88.58770000 9.00000000
88.59770000 14.97029703
88.60770000 12.00000000
88.61770000 8.07920792
88.62770000 16.00000000
88.63770000 12.03960396
88.64770000 16.00000000
88.65770000 17.92079208
88.66770000 10.00000000
88.67770000 16.95049505
88.68770000 12.00000000
88.69770000 15.05882353
88.70770000 18.00000000
88.71770000 18.96039604
88.72770000 15.00000000
88.73770000 12.03921569
88.74770000 15.96078431
88.75770000 17.04950495
88.76770000 22.00000000
88.77770000 21.00000000
88.78770000 21.00000000
88.79770000 16.96226415
88.80770000 13.18867925
88.81770000 21.01980198
88.82770000 23.00000000
88.83770000 18.06930693
88.84770000 25.00000000
88.85770000 26.10476191
88.86770000 36.58095238
88.87770000 35.00000000
88.88770000 40.00000000
88.89770000 61.09345794
88.90770000 65.76635514
88.91770000 90.03809524
88.92770000 93.84761905
88.93770000 123.05769231
88.94770000 128.82692308
88.95770000 153.31067961
88.96770000 184.37864078
88.97770000 179.38834952
88.98770000 218.22330097
88.99770000 259.39805826
89.00770000 299.20388350
89.01770000 358.38461539
89.02770000 396.84615385
89.03770000 424.00990100
89.04770000 525.00000000
89.05770000 548.23300972
89.06770000 671.53398059
89.07770000 778.91089110
89.08770000 870.00000001
89.09770000 962.85436894
89.10770000 1048.29126214
89.11770000 1304.52427185
89.12770000 1356.95145631
89.13770000 1569.24271846
89.14770000 1793.51456312
89.15770000 2088.00000002
89.16770000 2330.17307695
89.17770000 2635.94230772
89.18770000 2982.00000004
89.19770000 3427.26470592
89.20770000 3837.08737868
89.21770000 4345.82524276
89.22770000 4969.74509809
89.23770000 5544.25490201
89.24770000 6051.00000007
89.25770000 6862.88118819
89.26770000 7525.50476197
89.27770000 8275.98095245
89.28770000 9144.00000007
89.29770000 9946.00000006
89.30770000 10654.10891095
89.31770000 11265.00000008
89.32770000 12158.31067967
89.33770000 12789.37864083
89.34770000 13260.00000004
89.35770000 13660.00000004
89.36770000 13880.45544558
89.37770000 14225.99999998
89.38770000 14061.22330098
89.39770000 14183.55339807
89.40770000 13613.99999996
89.41770000 13156.99999996
89.42770000 12744.49504942
89.43770000 11793.99999990
89.44770000 10763.99999992
89.45770000 9951.99999988
89.46770000 8662.53465337
89.47770000 7615.99999987
89.48770000 6301.33333324
89.49770000 5334.66666657
89.50770000 4066.49504942
89.51770000 3215.99999993
89.52770000 2541.47524747
89.53770000 1988.99999995
89.54770000 1508.99999999
89.55770000 1382.00000001
89.56770000 1522.98019805
89.57770000 1821.00000007
89.58770000 2514.27722778
89.59770000 3042.00000009
89.60770000 3879.28431382
89.61770000 4807.71568637
89.62770000 5776.48514860
89.63770000 6625.00000007
89.64770000 7246.91089117
89.65770000 8038.00000005
89.66770000 8532.59405942
89.67770000 8692.00000000
89.68770000 8692.04950493
89.69770000 8496.99999993
89.70770000 7848.05882348
89.71770000 7350.99999990
89.72770000 6433.42574249
89.73770000 5675.99999990
89.74770000 4767.32673257
89.75770000 3799.99999994
89.76770000 3228.99999993
89.77770000 2623.05940587
89.78770000 2269.63366334
89.79770000 2033.00000002
89.80770000 2235.89108914
89.81770000 2525.00000007
89.82770000 3151.82857150
89.83770000 3734.68571435
89.84770000 4579.19607851
89.85770000 5239.00000010
89.86770000 6073.15384621
89.87770000 6588.53846160
89.88770000 7021.79411766
89.89770000 7101.20588236
89.90770000 7152.86138611
89.91770000 6938.99999994
89.92770000 6458.56310674
89.93770000 6014.87378635
89.94770000 5230.01980190
89.95770000 4531.99999993
89.96770000 3967.63106792
89.97770000 3649.18446598
89.98770000 3326.39215687
89.99770000 3365.60784314
90.00770000 3480.84158423
90.01770000 4065.00000007
90.02770000 4605.00000009
90.03770000 5305.00000009
90.04770000 6038.43137263
90.05770000 6710.00000007
90.06770000 7246.02912626
90.07770000 7597.48543694
90.08770000 7563.29411763
90.09770000 7392.70588233
90.10770000 7107.97058820
90.11770000 6805.02941173
90.12770000 6062.77981646
90.13770000 5640.76146783
90.14770000 5431.12871286
90.15770000 5343.99999998
90.16770000 5187.75490202
90.17770000 5663.24509810
90.18770000 6258.18811892
90.19770000 7077.00000008
90.20770000 7662.98019810
90.21770000 8261.00000013
90.22770000 9204.11111118
90.23770000 9715.22222229
90.24770000 9783.96039605
90.25770000 9879.99999999
90.26770000 9793.25490192
90.27770000 9518.74509800
90.28770000 9232.35294117
90.29770000 9167.64705881
90.30770000 9374.74257432
90.31770000 9849.00000009
90.32770000 10512.63963980
90.33770000 11676.60360377
90.34770000 13100.76237643
90.35770000 14477.00000024
90.36770000 16195.55445564
90.37770000 17551.00000018
90.38770000 18836.06930712
90.39770000 20143.00000017
90.40770000 21364.36633693
90.41770000 23401.00000041
90.42770000 26218.58415903
90.43770000 30477.00000079
90.44770000 35923.36980320
90.45770000 44260.35000187
90.46770000 57084.00396317
90.47770000 75962.40000399
90.48770000 103100.92277863
90.49770000 146013.20001048
90.50770000 216811.12378156
90.51770000 345123.50004174
90.52770000 628713.37633696
90.53770000 1292961.00023654
90.54770000 2887290.39664001
90.55770000 6864230.00140538
90.56770000 16163473.26960004
90.57770000 31080800.00236090
90.58770000 46366395.74344655
90.59770000 52037969.99891643
90.60770000 44882996.03705873
90.61770000 28335599.99756703
90.62770000 12700929.36501976
90.63770000 4217865.99958846
90.64770000 1603010.90184697
90.65770000 752501.09993934
90.66770000 366760.33074394
90.67770000 206733.40766700
90.68770000 136569.78494327
90.69770000 84808.28008888
90.70770000 52360.21788190
90.71770000 35337.00634344
90.72770000 24022.15537601
90.73770000 15656.69311187
90.74770000 11348.41999954
90.75770000 8510.63568582
90.76770000 6180.52884589
90.77770000 4533.41346127
90.78770000 3473.62264137
90.79770000 2635.88679231
90.80770000 2113.48076916
90.81770000 1661.55769223
90.82770000 1328.70476186
90.83770000 1063.94285710
90.84770000 892.81372547
90.85770000 774.18627449
90.86770000 670.27619045
90.87770000 497.89523807
90.88770000 466.31428570
90.89770000 376.79047618
90.90770000 347.17647057
90.91770000 264.82352940
90.92770000 277.99999999
90.93770000 217.28431373
90.94770000 245.71568628
90.95770000 185.60999999
90.96770000 183.44230769
90.97770000 155.55769230
90.98770000 157.00000000
90.99770000 147.00000000
91.00770000 143.66666666
91.01770000 127.00000000
91.02770000 119.84000000
91.03770000 104.06000000
91.04770000 109.88118812
91.05770000 98.00000000
91.06770000 86.98000000
91.07770000 85.09000000
91.08770000 93.87878788
91.09770000 81.70297029
91.10770000 67.06000000
91.11770000 72.74000000
91.12770000 47.01980198
91.13770000 49.00000000
91.14770000 68.00000000
91.15770000 65.95000000
91.16770000 60.98000000
91.17770000 58.89000000
91.18770000 48.06000000
91.19770000 54.01980198
91.20770000 56.00000000
91.21770000 52.03960396
91.22770000 50.93939394
91.23770000 45.01980198
91.24770000 46.07070707
91.25770000 52.80198020
91.26770000 43.03000000
91.27770000 45.90909091
91.28770000 37.03960396
91.29770000 38.94000000
91.30770000 33.14000000
91.31770000 46.93000000
91.32770000 39.93000000
91.33770000 32.94000000
91.34770000 27.10101010
91.35770000 37.06000000
91.36770000 39.84000000
91.37770000 32.20000000
91.38770000 41.80000000
91.39770000 32.00000000
91.40770000 32.00943396
91.41770000 32.95283019
91.42770000 34.96116505
91.43770000 31.07766990
91.44770000 32.93203883
91.45770000 26.13592233
91.46770000 29.96039604
91.47770000 26.00000000
91.48770000 22.00980392
91.49770000 22.99019608